r = 0.11230217569755 
R0 = 3.848279280916719