r = 0.1123022 
R0 = 3.8482804